3.03,-0.03,79.24,0.00,38.402306,33.704731,2532.64 
3.03,-0.00,79.24,0.00,38.402306,33.704731,2533.31 
2.78,0.37,79.25,0.00,38.402306,33.704731,2533.98
2.84,-0.08,79.26,0.00,38.402306,33.704731,2534.65 
2.57,0.39,79.27,0.00,38.402306,33.704731,2535.33 
3.03,-0.68,79.27,0.00,38.402306,33.704731,2536.00
2.70,0.50,79.27,0.00,38.402306,33.704731,2536.67
6.89,-6.26,79.28,0.00,38.402306,33.704731,2537.34 
34.59,-40.97,79.20,0.00,38.402306,33.704731,2538.01
83.29,-69.37,79.10,0.00,38.402306,33.704731,2538.72 
173.23,-128.12,79.04,0.00,38.402306,33.704731,2539.42
184.19,-15.54,78.95,0.00,38.402306,33.704731,2540.12
434.20,-351.64,78.87,0.00,38.402306,33.704731,2540.83
671.70,-334.97,78.81,0.00,38.402306,33.704731,2541.54
790.15,-167.07,78.77,0.00,38.402306,33.704731,2542.25
1000.67,-295.25,78.80,0.00,38.402306,33.704731,2542.97
1270.54,-380.10,78.82,0.00,38.402306,33.704731,2543.68
1572.91,-423.49,78.78,0.00,38.402306,33.704731,2544.39
1895.43,-452.34,78.74,0.00,38.402306,33.704731,2545.10
2230.93,-466.62,78.71,0.00,38.402306,33.704731,2545.82
2532.60,-420.75,78.70,0.00,38.402306,33.704731,2546.54
2746.81,-300.43,78.70,0.00,38.402306,33.704731,2547.25
2959.01,-295.96,78.71,0.00,38.402306,33.704731,2547.97
3175.57,-304.15,78.72,0.00,38.402306,33.704731,2548.68
3383.44,-290.32,78.72,0.00,38.402306,33.704731,2549.40
3584.31,-282.51,78.73,0.00,38.402306,33.704731,2550.11
3772.20,-262.05,78.73,0.00,38.402306,33.704731,2550.82
3952.91,-252.74,78.73,0.00,38.402306,33.704731,2551.54
4098.44,-203.82,78.74,0.00,38.402306,33.704731,2552.25
4262.58,-228.61,78.75,0.00,38.402306,33.704731,2552.97
4418.27,-219.29,78.76,0.00,38.402306,33.704731,2553.68
4567.05,-208.08,78.78,0.00,38.402306,33.704731,2554.40
4706.42,-196.30,78.79,0.00,38.402306,33.704731,2555.11
4840.03,-186.09,78.80,0.00,38.402306,33.704731,2555.82
4965.98,-176.90,78.82,0.00,38.402306,33.704731,2556.54
5067.30,-142.30,78.83,0.00,38.402306,33.704731,2557.25
5180.56,-159.29,78.85,0.00,38.402306,33.704731,2557.96
5286.74,-148.31,78.87,0.00,38.402306,33.704731,2558.68
5387.55,-141.39,78.88,0.00,38.402306,33.704731,2559.39
5481.86,-133.02,78.91,0.00,38.402306,33.704731,2560.10
5569.08,-121.81,78.93,0.00,38.402306,33.704731,2560.81
5640.21,-100.04,78.95,0.00,38.402306,33.704731,2561.52
5717.44,-108.16,78.97,0.00,38.402306,33.704731,2562.24
5788.28,-99.23,78.99,0.00,38.402306,33.704731,2562.95
5914.20,-84.33,79.04,0.00,38.402306,33.704731,2564.38
5968.28,-76.06,79.07,0.00,38.405495,33.709930,2565.09
6017.07,-68.13,79.09,0.00,38.405495,33.709930,2565.81
6054.32,-52.40,79.11,0.00,38.405495,33.709930,2566.52
6093.62,-55.12,79.13,0.00,38.405495,33.709930,2567.23
6126.53,-46.28,79.16,0.00,38.405495,33.709930,2567.94
6154.23,-38.69,79.18,0.00,38.405495,33.709930,2568.66
6176.59,-31.27,79.21,0.00,38.405495,33.709930,2569.37
6194.30,-24.98,79.23,0.00,38.405495,33.709930,2570.08
6207.21,-18.15,79.25,0.00,38.405895,33.710613,2570.79
6213.37,-8.63,79.27,0.00,38.405895,33.710613,2571.51
6215.29,-2.72,79.30,0.00,38.405895,33.710613,2572.21
6213.80,2.12,79.33,0.00,38.406094,33.711220,2572.92 
6208.61,7.24,79.35,0.00,38.406094,33.711220,2573.64 
6200.47,11.47,79.38,0.00,38.406094,33.711220,2574.35
6195.86,6.49,79.40,0.00,38.406094,33.711220,2575.06 
6157.36,53.99,79.43,0.00,38.406258,33.712288,2575.77 
6154.15,4.47,79.45,0.00,38.406258,33.712288,2576.49 
6134.55,27.53,79.46,0.00,38.406349,33.713032,2577.20 
6096.33,53.68,79.48,0.00,38.406349,33.713032,2577.91
6043.93,73.08,79.50,0.00,38.406349,33.713032,2578.63
5982.13,86.44,79.54,0.00,38.406349,33.713032,2579.34
5976.07,8.47,79.56,0.00,38.406349,33.713032,2580.06 
5925.35,71.13,79.58,0.00,38.406593,33.714443,2580.77
5860.41,90.45,79.60,0.00,38.406593,33.714443,2581.49
5802.93,80.29,79.63,0.00,38.406593,33.714443,2582.21
5721.40,114.18,79.66,0.00,38.406593,33.714443,2582.92
5662.90,81.60,79.69,0.00,38.406593,33.714443,2583.64
5587.92,105.01,79.71,0.00,38.406593,33.714443,2584.35
5507.43,113.05,79.74,0.00,38.406593,33.714443,2585.06
5435.26,100.65,79.76,0.00,38.407078,33.717506,2585.78
5354.59,112.51,79.79,0.00,38.407078,33.717506,2586.50
5263.26,128.09,79.81,0.00,38.407078,33.717506,2587.21
5169.87,130.26,79.83,0.00,38.407078,33.717506,2587.93
5072.93,134.64,79.86,0.00,38.407078,33.717506,2588.65
4971.32,141.72,79.88,0.00,38.407078,33.717506,2589.36
4865.24,149.19,79.91,0.00,38.407078,33.717506,2590.08
4755.13,153.36,79.92,0.00,38.407078,33.717506,2590.79
4641.88,157.28,79.94,0.00,38.407078,33.717506,2591.51
4541.73,140.07,79.97,0.00,38.407078,33.717506,2592.23
4420.96,169.38,79.99,0.00,38.407078,33.717506,2592.94
4297.02,172.86,80.01,0.00,38.407078,33.717506,2593.66
4169.83,177.39,80.03,0.00,38.407078,33.717506,2594.38
4040.22,181.53,80.05,0.00,38.407078,33.717506,2595.09
3907.57,185.26,80.08,0.00,38.407078,33.717506,2595.81
3771.36,189.71,80.09,0.00,38.407078,33.717506,2596.52
3652.86,165.97,80.11,0.00,38.407078,33.717506,2597.24
3512.59,196.18,80.13,0.00,38.407078,33.717506,2597.95
3368.04,202.46,80.15,0.00,38.407078,33.717506,2598.67
3223.17,202.61,80.16,0.00,38.407078,33.717506,2599.38
3073.81,209.19,80.18,0.00,38.407078,33.717506,2600.10
2922.72,211.02,80.20,0.00,38.407078,33.717506,2600.81
2771.31,210.29,80.22,0.00,38.407078,33.717506,2601.53
2638.04,186.92,80.23,0.00,38.407078,33.717506,2602.25
2481.67,219.01,80.25,0.00,38.407078,33.717506,2602.96
2323.76,220.85,80.27,0.00,38.407078,33.717506,2603.67
2163.93,222.29,80.28,0.00,38.407078,33.717506,2604.39
2003.16,225.81,80.29,0.00,38.407078,33.717506,2605.10
1840.69,226.91,80.31,0.00,38.407078,33.717506,2605.82
1676.59,227.59,80.31,0.00,38.407078,33.717506,2606.54
1512.70,229.22,80.32,0.00,38.407078,33.717506,2607.26
1372.09,196.66,80.33,0.00,38.407078,33.717506,2607.97
1206.58,231.82,80.34,0.00,38.407078,33.717506,2608.69
1040.51,231.29,80.34,0.00,38.407078,33.717506,2609.40
873.85,233.42,80.35,0.00,38.407078,33.717506,2610.12
706.01,234.42,80.35,0.00,38.407078,33.717506,2610.83
538.64,233.43,80.34,0.00,38.407078,33.717506,2611.55
365.67,242.59,80.34,0.00,38.407078,33.717506,2612.26
225.04,196.41,80.34,0.00,38.407078,33.717506,2612.98
